0.034351 -0.306386 -0.073062
0.007442 -0.331124 0.210719
0.253178 -0.329788 0.040924
0.164317 -0.325421 -0.246499
-0.130830 -0.328234 -0.256799
-0.229304 -0.329430 0.027573
0.176930 0.013725 -0.264062
-0.158397 0.008356 -0.260829
-0.148945 0.014247 0.066667
0.184858 0.029042 0.026468
0.224570 0.172377 -0.207234
0.227929 0.158940 0.058881
-0.227162 0.160069 -0.207967
-0.229456 0.151963 0.052539
-0.190639 0.031071 -0.107571
0.209848 0.040669 -0.090484
-0.159983 0.136838 0.119116
-0.147006 0.351063 0.244822
0.105670 0.372362 0.239727
0.142274 0.138267 0.109665
