0.005398 -0.310772 -0.072371
-0.208950 -0.340192 0.150065
-0.245104 -0.338097 -0.181729
0.049600 -0.329708 -0.319155
0.272530 -0.330845 -0.081146
0.117318 -0.335330 0.207243
0.191491 -0.077809 -0.261948
-0.186531 -0.067188 -0.273581
-0.197477 -0.058147 0.093163
-0.218860 0.339520 0.232294
0.175713 0.352379 0.238575
0.171444 -0.013102 0.086118
0.229407 0.170098 -0.155791
0.203638 0.124046 0.144238
0.200117 0.020788 -0.163243
-0.262858 0.147489 -0.168750
-0.237681 0.119511 0.117447
-0.219251 0.004575 -0.163865
