0.224283 0.353613 0.245967
-0.226674 0.350451 0.243370
0.210378 0.186766 0.169194
-0.212846 0.180740 0.163194
0.211596 -0.009907 0.112081
-0.231154 -0.021663 0.113155
0.212943 0.149186 -0.230020
-0.214738 0.146346 -0.241466
0.199761 0.000562 -0.253418
-0.194418 -0.012586 -0.266332
-0.199012 -0.355173 0.272938
0.196869 -0.358458 0.272623
0.225766 -0.353322 -0.257451
-0.222621 -0.354131 -0.264192
-0.192150 -0.071234 -0.268608
0.188939 -0.070540 -0.260665
0.228969 -0.064734 0.158503
-0.222719 -0.064339 0.157167
