-0.005446 -0.308782 -0.084293
-0.099070 -0.346688 0.182781
-0.240229 -0.339284 -0.081404
-0.034961 -0.334571 -0.299733
0.235992 -0.336010 -0.172390
0.194614 -0.341606 0.127950
0.195476 -0.099244 -0.266818
-0.162571 -0.091889 -0.264587
-0.160634 -0.066485 0.056709
-0.205675 0.079281 0.058626
-0.185752 0.361973 0.217227
0.207504 0.350002 0.225355
0.214526 0.091356 0.060897
0.240817 0.076619 -0.153609
0.217213 -0.034122 -0.180247
0.189253 -0.060304 0.067621
-0.196792 -0.033944 -0.183825
-0.222400 0.082810 -0.150181
