0.410733 0.116428 0.233430
0.411081 0.116167 -0.208120
0.410447 -0.130726 -0.208505
0.408091 -0.130645 0.231406
-0.411113 0.116143 0.232444
-0.410837 0.117266 -0.209438
-0.410353 -0.130743 -0.208020
-0.408940 -0.130803 0.231854
0.338279 -0.001954 -0.233256
0.339493 -0.049872 -0.230028
0.006029 -0.000977 -0.232853
0.007216 -0.045493 -0.232741
-0.009774 -0.001773 -0.230937
-0.009898 -0.044054 -0.230958
-0.340263 0.000425 -0.230428
-0.341198 -0.049975 -0.228394
0.343870 0.200745 0.125906
0.342812 0.022219 0.065714
0.004707 0.201500 0.125191
0.007219 0.020463 0.067523
-0.003962 0.202424 0.129639
-0.004119 0.024947 0.071396
-0.344204 0.205110 0.130258
-0.343729 0.026060 0.070372
