-0.015879 -0.300777 -0.040538
-0.030458 -0.356055 0.247169
-0.251409 -0.349845 0.022602
-0.111606 -0.351871 -0.257354
0.203245 -0.354906 -0.208960
0.248005 -0.353315 0.097423
0.203418 -0.117787 -0.258800
-0.176843 -0.114594 -0.262744
-0.200665 -0.029463 -0.170855
-0.174890 -0.059763 0.093011
-0.200264 0.058306 0.076199
-0.177896 0.365580 0.209442
0.198727 0.365916 0.206009
0.233540 0.055600 0.080903
0.194527 -0.047649 0.099250
0.225575 -0.035793 -0.166794
-0.220227 0.065303 -0.228240
0.239381 0.069632 -0.222800
