-0.182755 0.366338 0.156642
0.186774 0.366469 0.156619
0.198101 0.197026 0.142239
-0.198103 0.198199 0.139932
0.200407 0.063370 0.184664
0.222549 0.080549 -0.229484
-0.221634 0.080994 -0.229581
-0.199663 0.063246 0.183348
0.193424 -0.386224 -0.213106
0.158111 0.015852 -0.182052
-0.157095 0.014142 -0.180690
-0.193861 -0.386516 -0.210557
0.221719 -0.385763 0.201040
0.182243 0.006137 0.174626
0.182551 0.020974 -0.157104
0.221846 -0.385095 -0.184369
-0.221508 -0.385245 -0.182102
-0.181136 0.015140 -0.155909
-0.186594 -0.005836 0.173695
-0.222063 -0.385787 0.198259
