-0.000087 -0.328167 -0.022802
-0.106211 -0.385289 0.207198
-0.218910 -0.379255 -0.033942
-0.034272 -0.377711 -0.225726
0.205324 -0.376274 -0.103615
0.162332 -0.377428 0.161454
0.161844 -0.092884 -0.163944
-0.140376 -0.098066 -0.170024
-0.143003 -0.075502 0.100355
0.151900 -0.075352 0.108453
-0.184889 0.099516 -0.103116
-0.186800 0.098758 0.083252
0.186229 0.083909 -0.090586
0.180282 0.079688 0.086898
0.131935 -0.011794 0.110800
-0.123805 -0.022347 0.114985
-0.165735 0.260614 0.158541
0.168544 0.267411 0.160632
-0.092857 0.406182 0.144979
0.102784 0.401738 0.141210
