0.014322 -0.317751 -0.043440
-0.088462 -0.367924 0.244577
-0.253665 -0.366944 -0.008266
-0.059901 -0.367963 -0.255282
0.234106 -0.367272 -0.143559
0.215256 -0.367513 0.169193
-0.172335 -0.101517 -0.244140
-0.188713 -0.052239 -0.133068
-0.159209 -0.078638 0.106156
-0.188965 0.063815 0.085848
-0.164573 0.374024 0.201704
0.175296 0.378763 0.208798
0.200137 0.061913 0.084935
0.183368 -0.085710 0.107882
0.208993 -0.043000 -0.137352
0.201064 -0.094898 -0.242248
0.229159 0.044727 -0.158821
-0.221645 0.041228 -0.157746
