-0.272733 0.167753 0.297812
-0.272787 0.167171 0.379339
-0.272798 0.068303 0.297701
-0.272793 0.067214 0.378465
-0.272803 -0.004065 0.296351
-0.272798 -0.002732 0.379963
-0.272807 -0.074965 0.296654
-0.272803 -0.073734 0.378573
-0.272751 -0.175530 0.295576
0.257642 0.166778 0.378599
0.257642 0.166511 0.296707
0.257648 0.067804 0.379456
0.257648 0.066791 0.297085
0.257652 -0.002584 0.379148
0.257652 -0.003156 0.297150
0.257656 -0.073608 0.379427
0.257656 -0.075436 0.297968
0.257662 -0.176258 0.293184
-0.272702 -0.028206 0.294070
-0.272590 -0.029054 -0.363586
-0.272591 -0.176166 -0.363359
0.257664 -0.028188 0.292373
0.257705 -0.029628 -0.364202
0.257717 -0.177240 -0.363095
