0.170621 0.394276 0.224248
-0.216454 0.386276 0.210364
-0.173431 0.032389 0.146741
0.153382 0.039749 0.155698
0.161142 -0.012441 0.139573
-0.166447 -0.013507 0.136990
-0.190080 -0.027208 -0.207865
0.176729 -0.023369 -0.209138
0.233075 0.195590 -0.151972
0.224092 0.179111 0.073500
-0.233524 0.186034 -0.162076
-0.242004 0.177882 0.057799
-0.003063 -0.273307 -0.038959
-0.206749 -0.357668 0.161386
-0.225581 -0.356377 -0.150407
0.058610 -0.354489 -0.267064
0.267135 -0.354157 -0.026202
0.094119 -0.353255 0.239761
