-0.225387 -0.360908 -0.188832
-0.033844 -0.344056 -0.037905
-0.238346 -0.359856 0.129228
-0.039412 -0.345531 -0.004139
0.058234 -0.364319 0.238407
-0.006486 -0.343150 0.006595
0.255005 -0.362893 -0.006804
0.012806 -0.344558 -0.016651
0.087591 -0.362514 -0.273355
-0.003273 -0.342878 -0.044013
-0.204956 0.238530 0.183551
-0.202039 0.130967 0.139447
-0.199555 0.020079 0.120862
0.181589 0.237323 0.177573
0.182574 0.130682 0.137791
0.177821 0.016935 0.121449
0.179534 0.221940 0.222372
-0.198910 0.225815 0.223905
