0.203725 0.355948 0.191062
-0.199731 0.357695 0.183474
0.201328 0.240637 0.167875
0.220225 0.239926 -0.230723
0.158196 -0.157443 0.215167
0.208876 -0.146317 -0.200744
0.162928 -0.369558 0.254063
0.213827 -0.371636 -0.246960
0.206046 0.175592 -0.170268
0.160869 0.177397 0.183381
-0.195883 0.237488 0.165776
-0.209387 0.243216 -0.241387
-0.168320 0.177977 0.187885
-0.209887 0.177922 -0.170163
-0.204819 -0.145877 -0.206732
-0.168533 -0.152091 0.214011
-0.165849 -0.368250 0.241156
-0.204053 -0.369316 -0.259880
