-0.002077 -0.311132 -0.066544
-0.037388 -0.348908 0.213792
-0.243259 -0.347884 0.003010
-0.106019 -0.352041 -0.266482
0.186746 -0.353537 -0.219325
0.230767 -0.346756 0.078564
0.200149 -0.138367 -0.259846
-0.188313 -0.140724 -0.272840
-0.197444 -0.055413 -0.181118
-0.183854 -0.078648 0.040663
-0.186555 0.065175 0.041979
-0.217388 0.365615 0.198670
0.177015 0.378612 0.217175
0.184257 0.075433 0.056721
0.185529 -0.076885 0.059588
0.209974 -0.050072 -0.160351
0.228016 0.061903 -0.177117
-0.218058 0.050692 -0.193796
