0.188003 -0.359473 -0.187690
-0.065703 -0.359482 -0.268098
-0.234731 -0.363304 -0.038159
-0.068189 -0.362741 0.190397
0.197442 -0.358631 0.105162
-0.002413 -0.328799 -0.073123
0.174985 -0.096925 -0.277338
-0.170890 -0.113451 -0.276388
-0.187629 -0.075697 0.056209
-0.211434 0.375355 0.199956
0.178398 0.389837 0.190875
0.188543 -0.069407 0.069281
-0.228253 0.071765 0.059603
-0.228551 0.066100 -0.168548
-0.205466 -0.056643 -0.191167
0.215947 0.076489 0.056865
0.224608 0.074866 -0.167660
0.203180 -0.028562 -0.189633
