0.251959 -0.309809 -0.154467
0.221509 -0.304221 0.168715
-0.107076 -0.297799 0.255071
-0.278065 -0.305426 -0.035458
-0.050549 -0.307084 -0.282983
0.031409 -0.258812 -0.029601
0.198355 -0.072926 -0.219852
-0.181136 -0.079288 -0.220771
-0.165810 -0.030303 0.140133
-0.160630 0.363685 0.266117
0.173370 0.364053 0.265636
0.175679 -0.026803 0.139512
0.242126 0.116019 0.074925
0.255142 0.110496 -0.094789
-0.216866 0.126063 0.063671
-0.222074 0.113406 -0.089960
0.217502 -0.032259 -0.168729
-0.206270 -0.031918 -0.153260
