0.328316 0.327235 -0.076620
-0.327463 0.329326 -0.076620
0.326700 -0.327623 -0.076420
-0.327292 -0.328440 -0.076578
0.327624 0.198372 -0.076581
-0.327376 0.197479 -0.076581
0.329272 0.064887 -0.076581
-0.327484 0.067273 -0.076581
0.326298 -0.065631 -0.076581
-0.326693 -0.065462 -0.076581
0.328856 -0.196849 -0.076581
-0.325877 -0.196147 -0.076581
0.198024 0.329222 -0.076581
0.065698 0.330928 -0.076581
-0.066411 0.329013 -0.076581
-0.199196 0.331619 -0.076581
0.197116 -0.330184 -0.076581
0.064866 -0.329746 -0.076581
-0.066244 -0.329312 -0.076581
-0.198065 -0.329803 -0.076581
