0.220801 0.352558 -0.133346
-0.129823 0.362860 0.160294
0.134471 0.364061 0.156276
-0.226838 0.343276 -0.139128
0.253674 -0.364254 -0.210980
0.225816 -0.151701 -0.189963
-0.239009 -0.155794 -0.183445
-0.261360 -0.360974 -0.211196
-0.139496 -0.090374 0.187946
-0.228650 -0.094633 -0.182063
-0.164819 -0.364045 0.206087
-0.156423 -0.164106 0.185957
0.143971 -0.160437 0.193578
0.156258 -0.363785 0.214834
0.137250 -0.099740 0.190142
0.220100 -0.095522 -0.183224
-0.182701 0.265086 -0.135455
-0.120916 0.262414 0.134608
0.089115 0.253731 0.152991
0.169909 0.278689 -0.135669
