0.007264 -0.313405 -0.075618
-0.096763 -0.350318 0.180010
-0.246585 -0.352134 -0.081199
-0.039489 -0.349222 -0.299208
0.231782 -0.348166 -0.178658
0.198238 -0.349398 0.119459
0.167040 -0.064572 -0.268752
-0.182164 -0.074766 -0.261332
-0.199426 -0.024910 -0.181562
-0.173380 -0.060588 0.077390
-0.211429 0.094811 0.057806
-0.202699 0.365126 0.196941
0.168390 0.379872 0.201898
0.203181 0.118998 0.053573
0.168093 -0.043645 0.061198
0.203575 -0.015668 -0.184027
0.224718 0.117634 -0.140203
-0.239069 0.093658 -0.146013
