0.234726 -0.362440 -0.245566
0.235765 -0.361320 0.250884
-0.233884 -0.361797 0.246164
-0.233515 -0.361510 -0.250976
-0.201156 -0.228313 -0.228688
0.217636 -0.220447 -0.233840
0.214366 -0.209863 0.174849
-0.205782 -0.226978 0.190150
0.158221 0.301618 -0.147243
0.162625 0.297157 0.137222
0.097209 0.356099 0.135201
-0.084847 0.354287 0.129216
-0.134451 0.301274 0.126454
-0.145369 0.299028 -0.154277
0.147633 0.266495 -0.144215
-0.140032 0.263947 -0.146906
0.007248 0.268269 -0.145195
0.001151 0.127184 -0.112125
0.163867 0.118020 -0.109140
-0.158280 0.120192 -0.119516
-0.156608 0.128047 0.118874
0.163572 0.132803 0.094248
