0.239212 0.388864 0.163506
-0.237712 0.388340 0.165531
0.208339 0.103816 -0.140091
-0.202193 0.101946 -0.136240
0.172292 -0.070606 -0.071704
-0.171268 -0.072023 -0.066115
0.198413 -0.385732 -0.234390
-0.188072 -0.391529 -0.238589
-0.189364 0.082630 0.105621
0.174671 0.086365 0.101493
-0.178859 -0.070825 -0.218087
0.164690 -0.069214 -0.231228
-0.176787 -0.389033 0.113071
0.158306 -0.386839 0.116036
-0.141121 -0.251345 0.093402
0.129084 -0.244773 0.089607
-0.160124 -0.084714 0.066820
0.161212 -0.083142 0.062964
0.174046 -0.305580 -0.076680
-0.171730 -0.307113 -0.068219
