0.127986 -0.042817 0.066954
-0.123830 -0.043553 0.067379
0.119563 0.087378 0.326576
-0.109873 0.085824 0.331695
0.149618 0.002449 0.212137
-0.147725 -0.002980 0.222920
0.117846 0.150599 0.434547
-0.096504 0.146698 0.448987
0.165142 0.214720 0.394112
0.156448 0.142310 0.331608
-0.155674 0.140869 0.336679
-0.161698 0.219149 0.406102
0.161695 0.088911 0.116215
0.157697 0.018342 -0.241758
-0.153796 0.016965 -0.240036
-0.171152 0.081088 -0.147709
-0.167417 0.090678 0.114902
0.154807 0.082073 -0.148073
-0.114900 0.023460 -0.458474
0.088849 0.029607 -0.462267
