0.437260 0.116574 0.201400
0.437263 0.115684 -0.180767
0.435470 -0.112821 0.200659
0.435324 -0.112809 -0.179093
-0.437376 0.115778 0.201506
-0.437248 0.115881 -0.180206
-0.435735 -0.112529 0.201722
-0.437241 -0.112829 -0.180582
0.377304 0.173517 0.107971
0.007790 0.172688 0.107265
0.008795 0.019158 0.056776
-0.002629 0.177535 0.112488
-0.002931 0.020853 0.063115
-0.373949 0.177029 0.112263
-0.374244 0.022662 0.061841
0.373369 0.008510 -0.193884
-0.001525 0.000599 -0.192789
-0.378824 0.001396 -0.197223
-0.378214 -0.044391 -0.194987
-0.000836 -0.035726 -0.192891
0.377935 -0.040040 -0.198778
0.377669 0.019141 0.056900
