0.159312 0.470426 -0.055588
0.159464 0.470478 0.055127
-0.159601 0.470550 0.055181
-0.159699 0.468872 -0.055470
0.159647 -0.470474 -0.055659
0.159262 -0.470173 0.055877
-0.159639 -0.470300 0.055416
-0.159068 -0.470548 -0.055224
0.156218 0.332536 -0.055839
-0.154240 0.331339 -0.055838
0.155089 0.200832 -0.055840
-0.154932 0.200711 -0.055839
0.155619 0.071882 -0.055841
-0.156332 0.071655 -0.055840
0.156043 -0.058496 -0.055842
-0.156676 -0.059066 -0.055841
0.156244 -0.185760 -0.055843
-0.156681 -0.184928 -0.055842
0.157289 -0.310163 -0.055844
-0.156554 -0.312440 -0.055843
