0.008289 -0.334708 -0.041592
-0.122776 -0.387745 0.195374
-0.220237 -0.384256 -0.084900
0.010813 -0.375232 -0.270363
0.254810 -0.376771 -0.102355
0.170707 -0.383977 0.185694
0.204959 -0.041643 -0.250450
-0.195110 -0.056063 -0.244663
-0.165210 -0.021231 0.081427
0.182221 -0.005256 0.082058
-0.168204 -0.004878 0.111797
-0.203219 0.391123 0.205125
0.161962 0.412585 0.207634
0.177452 0.029997 0.106974
0.250158 0.171370 -0.172272
0.249479 0.161645 0.026583
-0.264051 0.135015 -0.169876
-0.253584 0.125593 0.019158
