0.239304 0.371622 0.226461
0.242906 0.245356 0.165352
0.252656 0.223136 -0.238320
-0.247691 0.360023 0.227104
-0.231060 0.242491 0.165966
-0.253029 0.229867 -0.227395
0.204127 0.066163 0.148494
-0.193735 0.066066 0.154527
-0.219897 0.042492 -0.237203
0.226234 0.045241 -0.242205
0.256312 -0.021730 -0.229354
0.244428 -0.371533 -0.219798
0.249331 -0.018404 0.188265
0.233075 -0.376742 0.187242
-0.239116 -0.023167 -0.239517
-0.227535 -0.375429 -0.225707
-0.230952 -0.037368 0.163457
-0.225097 -0.377163 0.189986
