-0.190676 -0.385819 -0.233373
-0.167165 -0.031453 -0.193144
0.153775 -0.018722 -0.197871
-0.158173 -0.035299 0.022749
0.148486 -0.029278 0.026889
-0.000857 0.389343 0.219693
0.160066 0.300844 0.172780
-0.166139 0.294806 0.181401
0.190860 -0.387844 -0.235175
-0.166547 -0.388675 0.150439
0.162508 -0.388323 0.143054
-0.136663 -0.214015 0.115775
0.137698 -0.218633 0.115178
-0.161876 -0.290292 0.121247
-0.181378 -0.285097 -0.212381
-0.169353 -0.294160 -0.034044
0.183245 -0.281840 -0.220793
0.166990 -0.287058 0.113342
0.174118 -0.290218 -0.062286
