0.008362 -0.344905 -0.051574
-0.115007 -0.365580 0.225479
-0.249732 -0.362818 -0.050782
-0.027340 -0.363794 -0.268614
0.244011 -0.364503 -0.123616
0.190572 -0.364535 0.173678
0.209335 -0.110018 -0.224206
-0.192721 -0.116138 -0.225326
-0.182338 -0.081602 -0.116835
-0.192712 -0.082413 0.102081
-0.182999 0.052967 0.117712
-0.175062 0.378686 0.205500
0.190349 0.377974 0.204117
0.206071 0.044657 0.123563
0.191600 -0.100046 0.112861
0.212405 -0.076288 -0.114755
0.240301 0.033062 -0.140461
-0.205991 0.027940 -0.146530
