0.151515 -0.441176 -0.164262
-0.152786 -0.441260 -0.169741
-0.089984 0.118659 -0.121637
-0.091837 0.120187 0.080038
0.107215 0.120520 0.068486
0.098169 0.118371 -0.115316
-0.155664 -0.441185 0.137124
0.146941 -0.441260 0.140431
0.133121 -0.241065 0.114015
0.137431 -0.244553 -0.148506
-0.137663 -0.245655 -0.151049
-0.130027 -0.235711 0.117551
-0.116519 0.116700 0.037601
-0.150324 0.401683 0.133445
-0.066106 0.431251 0.154337
0.068867 0.427369 0.152271
0.167375 0.375760 0.113567
0.117446 0.109930 0.030827
0.047036 0.121551 0.098523
-0.036552 0.121805 0.089401
