0.277361 0.313772 0.229924
0.276193 0.313507 -0.269275
0.274152 -0.086802 0.231824
0.275559 -0.086648 -0.268899
-0.276777 0.314154 0.230393
-0.275320 0.314303 -0.269396
-0.274949 -0.086690 -0.269402
-0.274072 -0.087344 0.231286
0.192993 0.315898 0.207015
-0.193123 0.318021 0.205633
0.193405 0.063191 0.136753
-0.191833 0.058490 0.136818
0.198854 0.313782 -0.268934
-0.198000 0.312523 -0.269778
0.187762 0.068838 -0.267618
-0.181628 0.069035 -0.267679
0.189008 0.003503 -0.269854
-0.184591 0.002588 -0.268400
