0.001122 -0.313547 -0.037560
-0.163596 -0.334108 0.173451
-0.211800 -0.329465 -0.112340
0.020622 -0.324823 -0.234679
0.205772 -0.321987 -0.057150
0.113315 -0.331503 0.197542
0.202111 -0.089148 -0.258263
-0.206913 -0.092077 -0.251163
-0.213178 -0.036916 -0.095411
-0.213599 -0.035411 0.141704
-0.201557 0.125355 0.141963
-0.191053 0.389354 0.215137
0.192409 0.391546 0.209465
0.213412 0.103792 0.139356
0.199516 -0.023202 0.128017
0.213069 -0.039336 -0.097576
0.233487 0.116990 -0.172441
-0.229774 0.111198 -0.172308
