0.197423 -0.377574 -0.248936
0.181178 -0.308220 -0.207989
-0.199806 -0.377648 -0.245057
-0.182896 -0.307776 -0.211303
0.202829 -0.109298 -0.036607
0.192742 -0.004832 0.077731
0.168653 -0.003850 -0.217467
-0.167327 -0.008164 -0.214492
-0.185597 -0.005722 0.082156
-0.201180 -0.121788 -0.028249
-0.167475 -0.351695 0.191135
0.173204 -0.346010 0.188971
-0.188642 0.207086 0.154675
-0.063177 0.363012 0.226294
0.065503 0.363977 0.224705
0.190442 0.213425 0.151050
0.121689 0.133108 0.141587
-0.114679 0.140534 0.140281
0.172903 -0.008567 -0.114040
-0.173492 -0.018107 -0.108314
0.187624 -0.377524 0.226332
-0.180138 -0.377494 0.227503
