-0.031160 -0.316234 -0.039332
-0.010947 -0.352209 0.236571
-0.251851 -0.360752 0.041840
-0.148207 -0.355694 -0.230200
0.145272 -0.348844 -0.220142
0.237030 -0.350477 0.067224
0.177788 -0.101831 -0.249154
-0.164616 -0.132465 -0.255349
-0.204793 -0.075011 -0.118460
-0.200660 -0.085062 0.078789
-0.200816 0.037837 0.090077
-0.190168 0.356480 0.224413
0.193098 0.355707 0.226785
0.207014 0.035999 0.087377
0.186960 -0.079889 0.075191
0.203132 -0.075156 -0.125436
0.233363 0.049143 -0.159683
-0.233461 0.030218 -0.156995
