-0.175246 0.409000 0.159038
0.192002 0.403343 0.153431
0.190048 0.314650 0.131702
-0.179793 0.319333 0.136678
0.064053 0.306004 0.208794
-0.046098 0.301476 0.208739
0.056150 0.225730 0.177433
-0.042762 0.225386 0.180009
0.000815 0.258850 -0.197777
0.190564 0.255047 -0.015802
-0.176913 0.256704 -0.015912
0.012765 0.146147 -0.034123
0.231029 -0.412899 -0.158189
0.141531 -0.171687 -0.130909
-0.128775 -0.413189 -0.244455
-0.075522 -0.170068 -0.164161
-0.152168 -0.170506 0.065782
-0.230232 -0.409977 0.122385
0.103224 -0.171894 0.133669
0.140053 -0.412804 0.216538
