-0.198260 0.298751 0.219122
-0.200937 0.120577 0.126705
-0.238539 0.156309 -0.259539
-0.239564 -0.301059 -0.265409
-0.214422 -0.300303 0.306353
-0.212091 0.027683 -0.306636
-0.195202 -0.003172 0.090063
0.226571 0.024174 -0.314511
0.249552 0.154445 -0.248240
0.251565 -0.306530 -0.282453
0.205746 0.002540 0.072745
0.214200 0.305123 0.206294
0.245456 -0.308907 0.302548
0.235869 -0.068022 0.234784
-0.192813 -0.075754 0.231974
-0.204026 0.270141 0.293304
0.238055 0.269583 0.282116
0.241803 0.116368 0.210092
-0.214909 0.108369 0.221608
