0.214874 0.305776 0.202763
0.234566 0.079972 0.035920
0.271396 0.106474 -0.294885
-0.221116 0.316282 0.203651
-0.232706 0.077353 0.010242
-0.258899 0.095835 -0.314345
0.171454 0.005005 0.023642
-0.183872 -0.003774 0.010886
-0.218255 0.013159 -0.302799
0.227472 0.039562 -0.285816
0.233000 -0.088283 -0.302907
-0.213308 -0.083923 -0.310050
0.266946 -0.162591 -0.297800
0.235831 -0.145020 0.120599
-0.215346 -0.171953 0.128032
-0.250821 -0.174087 -0.306283
0.201735 -0.322314 0.133607
-0.216908 -0.322431 0.124686
-0.224019 -0.322664 -0.297723
0.235563 -0.322326 -0.282698
