0.402494 0.078601 -0.257943
0.402742 0.079706 0.263213
0.402355 -0.134422 -0.257635
0.402204 -0.134372 0.261946
-0.403523 0.079414 0.262316
-0.402839 -0.134360 0.262777
-0.403334 0.079217 -0.038260
-0.400529 -0.134252 -0.038544
0.353273 0.078923 -0.256328
0.352157 0.000110 -0.261537
0.129713 -0.002208 -0.261952
0.129598 -0.066932 -0.260147
0.134773 -0.132474 -0.257264
0.133886 -0.134400 -0.039574
0.128534 -0.066039 -0.044617
0.129340 -0.002294 -0.044714
-0.352947 -0.000705 -0.044261
-0.352945 -0.066703 -0.044269
-0.353789 0.080570 -0.039627
-0.354125 0.080902 0.211640
0.352989 0.081219 0.213007
0.351601 -0.067180 -0.260019
