0.167003 0.385473 0.188346
0.147156 0.011991 0.160480
0.145890 -0.023273 0.123268
0.180573 -0.023606 -0.166882
0.203201 0.143166 0.061214
0.208157 0.147616 -0.107252
0.175553 -0.367804 0.195723
0.226380 -0.370175 -0.091457
-0.026119 -0.371410 -0.223172
-0.108127 -0.369716 0.233745
-0.195329 0.375963 0.183464
-0.167000 0.006236 0.151833
-0.222404 0.137793 0.049152
-0.219739 0.138721 -0.121075
-0.249269 -0.377715 -0.028707
-0.167143 -0.027071 -0.188311
-0.162468 -0.033599 0.114363
-0.026413 -0.297978 0.008118
