0.200933 0.373517 0.250890
0.176170 -0.096743 0.121577
0.185908 -0.077781 0.075668
0.194805 -0.074568 -0.276993
0.024888 -0.267463 -0.036043
0.207279 -0.336652 0.082201
-0.051778 -0.348236 0.182886
0.190456 -0.333954 -0.195447
-0.073565 -0.335196 -0.260967
0.247491 0.157085 -0.017758
0.220858 0.175795 -0.186761
-0.252957 0.139893 0.020035
-0.227959 0.162171 -0.151849
-0.210837 0.371284 0.245976
-0.177800 -0.092154 0.117713
-0.177838 -0.067415 0.083937
-0.187815 -0.073376 -0.276328
-0.222227 -0.332533 -0.036073
