0.022283 -0.304222 -0.070163
-0.245500 -0.359699 0.057217
-0.164097 -0.360576 -0.233359
0.143878 -0.359075 -0.248031
0.247880 -0.353784 0.038962
0.007255 -0.359540 0.231475
0.181275 -0.081375 -0.253004
-0.186117 -0.093722 -0.261624
-0.209476 -0.051832 -0.145257
-0.214451 -0.084704 0.066077
-0.208229 0.060473 0.068359
-0.200041 0.387720 0.194172
0.167014 0.392262 0.200479
0.182365 0.070299 0.067155
0.161683 -0.060569 0.060606
0.186194 -0.036554 -0.153204
0.212608 0.054229 -0.189664
-0.238146 0.046346 -0.187356
