0.167079 0.373695 0.216911
0.183148 0.052332 0.153468
0.174016 -0.021781 0.118954
0.192524 0.001844 -0.210116
0.024819 -0.314696 -0.005909
0.069879 -0.343037 0.233676
0.261534 -0.345795 -0.007841
0.085552 -0.348986 -0.261254
-0.195085 -0.351264 -0.169570
-0.213694 -0.349659 0.146983
0.219877 0.197714 0.045885
0.224149 0.183428 -0.164188
-0.248215 0.184325 0.041973
-0.265619 0.164980 -0.167699
-0.198538 0.367194 0.207824
-0.192796 0.048661 0.154064
-0.206459 -0.011135 0.104162
-0.205326 -0.011894 -0.217396
