0.191423 -0.373557 0.154671
0.196025 -0.379198 -0.133258
-0.074280 -0.372086 -0.222300
-0.238615 -0.372878 -0.005449
-0.082657 -0.373700 0.239136
0.136241 -0.063425 -0.209336
-0.161485 -0.051920 -0.192321
-0.143316 -0.011823 0.098742
0.134822 -0.008068 0.098751
-0.130667 0.066320 0.106845
-0.091589 0.392763 0.184456
0.095852 0.394725 0.175332
0.130981 0.063926 0.101082
0.211557 0.162888 -0.122778
0.214397 0.175680 0.035930
-0.214029 0.156481 -0.122131
-0.217091 0.166146 0.037843
-0.017157 -0.351561 -0.028872
