0.164739 0.401097 0.221077
0.125512 0.030189 0.109938
0.147037 -0.039805 0.097181
0.172769 -0.046408 -0.223544
0.011288 -0.289004 -0.017053
0.043257 -0.351890 0.218397
0.243708 -0.359923 0.013509
0.099043 -0.348942 -0.243304
-0.179618 -0.350241 -0.188047
-0.213736 -0.350099 0.101560
-0.213352 0.391367 0.205119
-0.164308 0.036230 0.100727
-0.187656 -0.042641 0.087941
-0.188128 -0.058048 -0.234456
0.197345 0.114368 0.062317
0.206437 0.117056 -0.134363
-0.236445 0.105168 0.062378
-0.242052 0.103448 -0.138366
