0.242686 -0.353688 -0.031277
0.043381 -0.358095 -0.254754
-0.232476 -0.356900 -0.129706
-0.206954 -0.362686 0.193562
0.098776 -0.360259 0.254010
-0.007394 -0.272419 -0.017850
0.167091 -0.015096 -0.206450
-0.182035 -0.012557 -0.209485
-0.177672 0.010556 0.123082
0.157287 0.010904 0.126243
-0.172786 0.052312 0.149776
-0.187437 0.397150 0.218162
0.190041 0.388213 0.217349
0.155188 0.040270 0.152657
-0.236156 0.197952 -0.147368
-0.227522 0.183149 0.076981
0.201455 0.196162 -0.150422
0.208746 0.180623 0.087242
