0.002145 -0.284766 -0.074512
-0.110174 -0.363940 0.183059
-0.247560 -0.360672 -0.091718
-0.025292 -0.352366 -0.304362
0.241772 -0.354102 -0.170385
0.194256 -0.357274 0.135875
0.172362 -0.089456 -0.278181
-0.151086 -0.084251 -0.285564
-0.208730 -0.045685 -0.167816
-0.182849 -0.065856 0.032431
0.180327 -0.058892 0.036206
0.210908 -0.041904 -0.163113
-0.203214 0.060370 0.083456
-0.184850 0.353333 0.209469
0.165633 0.372455 0.207995
0.205420 0.098831 0.062469
0.253231 0.081195 -0.214285
-0.256561 0.072781 -0.210046
