0.402576 0.111132 0.224203
0.402514 0.124685 -0.216865
0.401993 -0.174061 0.224381
0.400951 -0.174248 -0.222186
-0.402676 0.124881 -0.216379
-0.402109 0.110355 0.224579
-0.401814 -0.174031 -0.222575
-0.402142 -0.174041 0.224175
0.345651 -0.174083 -0.222729
-0.343736 -0.174336 -0.213238
0.349739 -0.180428 0.209130
0.345691 0.111298 0.224611
-0.345945 0.110864 0.224844
-0.345881 -0.173389 0.224788
0.344382 0.122459 -0.217365
-0.344108 0.123067 -0.217365
0.343910 0.015950 0.103149
-0.339393 0.017084 0.101820
0.344369 0.014350 -0.215207
-0.342529 0.012675 -0.214140
