0.119172 0.420134 0.137399
-0.156814 0.419667 0.137326
0.131645 -0.178862 0.133474
-0.170725 -0.178519 0.132079
0.161679 -0.103913 0.101188
-0.180735 -0.104323 0.101809
0.160952 -0.117895 -0.163810
-0.180112 -0.114783 -0.160044
0.118642 -0.375026 -0.191366
-0.137123 -0.375658 -0.191513
-0.217065 -0.375181 0.053651
-0.008860 -0.375505 0.204283
0.198517 -0.375157 0.053275
0.011238 -0.293548 -0.042083
-0.028611 -0.293119 -0.041644
-0.042075 -0.293501 -0.003805
-0.007446 -0.293231 0.019475
0.023221 -0.293254 -0.005191
