0.443524 0.080429 0.184632
0.444116 0.079886 -0.184580
0.444826 -0.134106 0.184237
0.444398 -0.134552 -0.184334
-0.444288 0.080414 0.183704
-0.444680 0.079755 -0.184084
-0.444371 -0.134552 0.184364
-0.443677 -0.135690 -0.183893
0.372864 0.079028 -0.184339
0.375273 0.080288 0.185444
-0.373470 0.079040 0.184995
-0.374051 0.079860 -0.185174
0.370231 -0.062542 -0.182484
0.374306 -0.135403 -0.184530
-0.372039 -0.063103 -0.184258
-0.373179 -0.133877 -0.185098
-0.373531 -0.134689 0.184381
0.373126 -0.134915 0.183988
