-0.196057 -0.154114 0.082139
0.199909 -0.160891 0.084323
-0.289502 0.013360 -0.226965
-0.244220 0.030726 0.149655
0.260458 0.037410 0.150235
0.307097 0.004729 -0.230667
0.206724 -0.088387 -0.209539
-0.196340 -0.084856 -0.200319
0.192965 -0.171257 -0.286406
-0.179103 -0.174637 -0.283346
0.209249 0.385405 0.204448
-0.187528 0.393334 0.210758
-0.180500 -0.257369 0.163672
0.185562 -0.268588 0.163021
0.197071 -0.387010 -0.040618
0.194136 -0.387558 0.051149
-0.190643 -0.385745 -0.033753
-0.188017 -0.385172 0.046510
