0.242142 0.366959 0.208892
-0.224778 0.361576 0.241870
-0.239209 0.047639 0.140942
0.221677 0.049065 0.122631
0.232778 0.169070 0.136729
0.245589 0.162342 -0.198363
-0.230519 0.165586 0.164900
-0.226862 0.170252 -0.177732
0.199439 0.007247 0.171892
0.206499 0.003754 -0.186333
-0.210794 0.012231 -0.176162
-0.222574 0.005695 0.173053
0.197440 -0.034699 -0.132039
-0.233189 -0.366960 -0.210415
-0.199738 -0.009803 -0.148842
0.226109 -0.364038 -0.251907
-0.215267 -0.029572 0.164693
0.229516 -0.365038 0.182579
0.205148 -0.038641 0.129341
-0.229487 -0.365508 0.170490
