0.139936 -0.426947 -0.195777
0.139359 -0.115776 -0.189416
-0.139042 -0.118178 -0.190181
-0.140329 -0.426968 -0.194639
0.133723 -0.426345 0.112478
0.131738 -0.114374 0.098163
0.165916 -0.119275 -0.164403
0.169819 -0.426886 -0.164724
-0.107395 -0.426524 0.142834
-0.107455 -0.116713 0.123947
0.107100 -0.118282 0.126841
0.107715 -0.426993 0.144067
-0.170729 -0.425665 -0.165372
-0.165163 -0.116917 -0.164759
-0.133304 -0.115251 0.098026
-0.135762 -0.424684 0.112459
0.107458 0.340821 0.166834
-0.107079 0.340769 0.164056
0.107415 0.058198 0.120718
-0.107024 0.058550 0.121674
