-0.000019 -0.307400 -0.082830
-0.225385 -0.349023 0.070686
-0.177508 -0.346721 -0.232483
0.111864 -0.342529 -0.281348
0.253333 -0.352623 -0.029581
0.044362 -0.343261 0.198803
0.179595 -0.119560 -0.269494
-0.172657 -0.129638 -0.271255
-0.193982 -0.119817 0.104631
-0.105344 0.377465 0.230922
0.104189 0.380633 0.234976
0.201157 -0.114971 0.104014
0.211729 -0.006537 0.097287
0.235329 0.093105 0.042026
0.238940 0.089470 -0.138837
-0.207081 -0.027488 0.094851
-0.242428 0.080196 0.027011
-0.244180 0.062313 -0.148659
