0.191850 0.410775 0.189017
-0.175191 0.412844 0.186071
0.175718 0.085929 0.082735
-0.174130 0.082668 0.080511
0.192242 0.086103 -0.215711
-0.163922 0.088086 -0.229734
0.192017 0.033434 -0.229448
-0.177208 0.029750 -0.230177
0.173978 -0.400382 -0.217134
-0.164710 -0.396598 -0.222258
0.180035 -0.258831 -0.222003
-0.160293 -0.270223 -0.225278
0.184793 -0.401455 0.145682
0.192187 0.015744 0.106211
0.188283 -0.260884 0.127268
-0.175192 -0.408049 0.156069
-0.172767 -0.249758 0.138921
-0.164761 0.006332 0.121580
