0.158000 -0.419997 -0.193835
0.158064 -0.062832 -0.191474
-0.157624 -0.060185 -0.193676
-0.157668 -0.401595 -0.194918
0.169624 -0.400233 0.181943
0.167706 -0.062724 0.135182
0.183856 -0.065163 -0.167556
0.185665 -0.420542 -0.168054
-0.185135 -0.400629 -0.167918
-0.180188 -0.062919 -0.168018
-0.168230 -0.067106 0.135219
-0.169193 -0.401326 0.181744
0.170821 -0.002136 0.129000
0.193166 -0.002422 -0.210264
-0.193639 -0.002635 -0.209585
-0.170223 -0.002415 0.136244
0.139543 0.363327 0.147760
-0.140095 0.363003 0.146113
0.140879 0.290378 0.143952
-0.140952 0.290030 0.143827
