0.437213 0.096571 0.201331
0.437348 0.096711 -0.180298
0.435627 -0.112813 0.201299
0.436826 -0.112793 -0.179491
-0.437323 0.096747 0.201677
-0.432500 0.098618 -0.176736
-0.435399 -0.112821 -0.180262
-0.436662 -0.112820 0.200743
0.372065 0.000180 -0.201617
0.372328 -0.039329 -0.201259
0.006285 -0.000297 -0.201156
0.006380 -0.037133 -0.201171
-0.011626 -0.000889 -0.199485
-0.011747 -0.038514 -0.199511
-0.379704 0.002253 -0.196052
-0.379655 -0.040818 -0.196727
0.377967 0.173643 0.108490
0.376773 0.019367 0.056744
0.007088 0.173585 0.107922
0.007809 0.017845 0.057993
-0.002586 0.176795 0.112306
-0.002519 0.022558 0.061180
-0.374093 0.177162 0.112411
-0.373971 0.022636 0.061132
