-0.244986 0.187088 0.297634
-0.244978 0.186736 0.382354
-0.244992 0.053267 0.296850
-0.244984 0.052440 0.383412
-0.244998 -0.066667 0.295738
-0.244990 -0.064386 0.383959
-0.245004 -0.188110 0.295226
-0.244995 -0.189854 0.383950
0.246954 0.187293 0.380647
0.246936 0.190127 0.295713
0.246961 0.053868 0.381347
0.246944 0.056795 0.297564
0.246968 -0.064637 0.382929
0.246951 -0.065053 0.296074
0.246975 -0.189508 0.382254
0.246957 -0.189917 0.295367
-0.244573 -0.033600 0.290223
-0.244444 -0.032502 -0.387054
-0.244431 -0.192264 -0.387756
0.247377 -0.032014 0.289062
0.247377 -0.031875 -0.387447
0.247377 -0.192261 -0.388651
