0.095437 0.486021 -0.065751
0.095186 0.486021 0.066603
-0.094878 0.486021 -0.065629
-0.095408 0.486021 0.066711
0.095211 -0.486024 -0.066972
0.095444 -0.486024 0.064978
-0.095481 -0.486024 -0.065782
-0.095016 -0.486024 0.065459
0.091632 0.324674 -0.067340
-0.091758 0.322189 -0.067333
0.090379 0.168102 -0.067354
-0.089987 0.168245 -0.067346
0.091194 0.011403 -0.067367
-0.091372 0.011536 -0.067359
0.090729 -0.143585 -0.067162
-0.090963 -0.144959 -0.067163
0.091981 -0.297679 -0.067168
-0.091738 -0.296153 -0.067169
