0.441817 0.195073 -0.124127
-0.442347 0.195946 -0.124427
-0.442533 0.195775 0.123860
0.440858 0.195577 0.124316
0.441489 -0.196997 -0.123010
-0.442384 -0.196725 -0.123418
-0.441581 -0.197109 0.124059
0.442490 -0.195852 0.123856
0.414562 0.172320 -0.124240
0.004156 0.171744 -0.124240
0.416172 0.089019 -0.124240
0.003700 0.089311 -0.124240
0.416387 0.009726 -0.124240
0.004364 0.009260 -0.124240
-0.017285 0.172603 -0.124349
-0.429050 0.171844 -0.124324
-0.016740 0.089480 -0.124352
-0.428552 0.089913 -0.124325
-0.015853 0.009309 -0.124353
-0.428506 0.009752 -0.124327
