0.190270 -0.380529 -0.249254
0.189168 -0.291186 -0.198437
-0.197493 -0.380644 -0.247111
-0.190094 -0.291169 -0.194585
-0.198879 -0.380559 0.189129
-0.189344 -0.244293 0.146252
0.182751 -0.379794 0.195749
0.177617 -0.247130 0.152295
0.158492 -0.016804 0.086472
0.138971 -0.003491 -0.189128
-0.139387 -0.003791 -0.200078
-0.177561 -0.018009 0.083447
-0.174653 -0.014712 -0.013677
0.159875 -0.013499 0.002443
0.169050 0.138026 0.072207
-0.185207 0.146160 0.072441
-0.065684 0.358772 0.220986
0.069973 0.358108 0.220206
