0.026297 -0.333472 -0.035035
-0.219579 -0.379816 0.050683
-0.118104 -0.375646 -0.211113
0.160991 -0.371963 -0.194346
0.231916 -0.376094 0.072759
-0.001915 -0.375911 0.227479
0.181844 -0.066469 -0.243403
-0.160379 -0.071601 -0.245655
-0.156767 -0.033814 0.074882
-0.178727 0.418039 0.173653
0.177372 0.421186 0.167148
0.164062 -0.027393 0.072748
0.176965 0.086355 0.075885
0.212946 0.112686 -0.151757
0.186254 -0.006441 -0.109723
-0.171445 0.076983 0.073078
-0.186443 0.106435 -0.154110
-0.170042 -0.008517 -0.118744
