0.451256 0.165018 -0.135489
-0.451557 0.165419 -0.135643
0.451901 0.165551 0.134270
-0.451392 0.165941 0.134459
0.451253 -0.165311 -0.135421
-0.451630 -0.165873 -0.126352
0.450904 -0.165824 0.126438
-0.451727 -0.165740 0.135085
0.429508 0.128160 -0.135531
0.316083 0.128158 -0.135531
0.429653 0.014557 -0.135531
0.315563 0.014960 -0.135531
0.429335 -0.007813 -0.135007
0.315924 -0.007483 -0.135531
0.429772 -0.143520 -0.135532
0.315723 -0.143274 -0.135532
-0.316073 0.127473 -0.126494
-0.429624 0.128449 -0.126494
-0.315696 0.014559 -0.126494
-0.429559 0.014899 -0.126494
-0.316144 -0.007995 -0.125198
-0.429942 -0.007825 -0.126494
-0.315491 -0.144202 -0.126494
-0.429704 -0.143537 -0.126494
