0.144067 -0.369523 0.213996
-0.174399 -0.373654 0.203295
-0.260045 -0.368560 -0.106954
0.004887 -0.363058 -0.280942
0.248186 -0.370775 -0.096637
-0.007736 -0.314647 -0.052237
0.192557 -0.081325 -0.258116
-0.191987 -0.092483 -0.262684
-0.202162 -0.065564 0.062883
-0.189784 0.386805 0.212680
0.173618 0.381375 0.213868
0.182333 -0.098886 0.119806
0.223352 0.033173 -0.173975
0.218189 0.049874 0.134810
-0.233846 0.041693 -0.178919
-0.236535 0.054907 0.130027
-0.207742 -0.044977 -0.160879
0.198446 -0.044920 -0.142755
