0.208134 0.266861 0.327017
0.221548 -0.101545 0.181556
0.230799 -0.067694 -0.320007
0.234273 0.036062 -0.318192
0.226671 -0.022701 0.103128
0.214082 0.287606 0.245974
-0.187968 0.284188 0.250836
-0.182000 0.271175 0.332308
-0.221457 -0.014233 0.110725
-0.243267 0.044685 -0.290150
-0.242971 -0.059466 -0.310908
-0.212003 -0.097360 0.181707
-0.240372 0.111780 0.242288
-0.227678 -0.309359 0.308921
-0.274328 0.120073 -0.210754
-0.268470 -0.311311 -0.260531
0.262263 0.112467 0.229751
0.246261 -0.314514 0.296056
0.271979 0.115775 -0.215519
0.256000 -0.311165 -0.273912
