0.224993 0.326924 0.133976
-0.227058 0.328352 0.119143
0.217554 0.287669 0.121291
-0.228888 0.290804 0.111476
0.183881 0.284966 0.142302
0.179372 0.082025 0.174385
-0.194858 0.284769 0.129645
-0.199546 0.082898 0.161860
-0.218251 0.089984 -0.270620
0.228037 0.087444 -0.256963
-0.222143 0.008274 -0.230990
-0.230971 -0.363343 -0.246360
-0.209923 -0.000819 0.172035
-0.209288 -0.363341 0.248163
0.219235 0.010565 -0.210691
0.212974 -0.362595 -0.229732
0.195227 -0.005744 0.184254
0.193582 -0.362415 0.258641
