0.197743 0.363376 0.242953
0.155657 -0.028506 0.132989
0.178191 -0.071109 0.079137
0.190263 -0.088291 -0.238336
0.037688 -0.299070 -0.043217
0.143846 -0.358813 0.167882
0.257496 -0.356941 -0.103252
0.039064 -0.352292 -0.295200
0.246808 0.146021 -0.038505
0.245932 0.141703 -0.226341
-0.233282 0.103663 -0.022268
-0.252396 0.098024 -0.214677
-0.171453 -0.052718 0.087684
-0.192137 -0.087255 -0.232315
-0.237725 -0.348219 -0.140173
-0.172929 -0.355930 0.146147
-0.193643 0.350359 0.237483
-0.159680 -0.019293 0.131796
