-0.076684 0.330140 0.044466
-0.076770 0.329254 -0.071620
0.076726 0.329001 -0.071927
0.076960 0.329761 0.044473
-0.076739 0.171135 0.045817
-0.076541 0.170922 -0.072014
0.076375 0.171206 -0.071942
0.076559 0.171539 0.044379
-0.076711 0.011772 0.046321
-0.076747 0.012001 -0.071893
0.076163 0.012677 -0.071873
0.076916 0.012977 0.045743
-0.075776 -0.145514 0.045650
-0.076732 -0.145932 -0.071977
0.076877 -0.145911 -0.071606
0.076875 -0.145805 0.045638
-0.076386 -0.304169 0.044225
-0.076317 -0.305434 -0.072016
0.076915 -0.304809 -0.071385
0.076937 -0.304402 0.045889
-0.076791 -0.464187 0.047296
-0.076805 -0.462857 -0.071656
0.076804 -0.462997 -0.071903
0.076796 -0.462683 0.045736
