0.000551 -0.318673 -0.032048
-0.061480 -0.383083 0.221766
-0.231029 -0.381436 -0.012684
-0.078589 -0.374824 -0.245842
0.190405 -0.375527 -0.173980
0.213073 -0.379998 0.123436
0.002538 -0.242658 -0.189034
-0.172868 -0.247537 -0.016174
0.003378 -0.242397 0.144717
0.185489 -0.243438 -0.012210
-0.153004 0.044353 -0.193218
-0.155461 0.059299 0.105398
-0.144934 0.394189 0.196462
0.149350 0.398761 0.190169
0.152100 0.075740 0.095792
0.152321 0.046851 -0.193938
0.197635 0.190642 0.038135
0.205573 0.198239 -0.130340
-0.206523 0.190747 -0.130611
-0.206950 0.190193 0.032821
