0.144094 0.356121 0.199950
0.063396 0.355438 0.206248
0.039765 0.355449 0.206157
0.012436 0.355350 0.207014
-0.011500 0.355278 0.207630
-0.039653 0.355452 0.206150
-0.063075 0.355518 0.205589
-0.143913 0.355673 0.198512
0.144122 0.148067 0.173268
0.063479 0.148142 0.180641
0.040037 0.148858 0.182314
0.011647 0.147949 0.182302
-0.012189 0.148008 0.181800
-0.039834 0.147968 0.182159
-0.063855 0.148112 0.180936
-0.143928 0.149193 0.172533
0.161311 -0.316863 0.183855
0.184555 -0.316931 -0.192900
-0.161425 -0.317230 0.180418
-0.183827 -0.316840 -0.193024
