0.204591 0.060921 0.085919
0.207308 0.074058 -0.158513
-0.217774 0.059175 0.092520
-0.223054 0.076844 -0.149555
0.189793 0.391113 0.205304
0.183316 -0.103177 0.144504
0.180448 -0.122203 -0.233094
0.179107 -0.121432 0.104949
0.152492 -0.360046 0.188893
0.237659 -0.364286 -0.089988
0.010282 -0.312178 0.010728
-0.000528 -0.355535 -0.255896
-0.205718 0.389877 0.216861
-0.196165 -0.096942 0.134293
-0.198195 -0.122950 0.100751
-0.200919 -0.124814 -0.242359
-0.259001 -0.361058 -0.080197
-0.162325 -0.358505 0.194753
