0.196272 0.388616 0.180271
-0.192367 0.381876 0.183824
0.216002 -0.035076 -0.208372
-0.211566 -0.036442 -0.207914
0.054799 -0.031507 0.132293
-0.040367 -0.030078 0.134745
0.061406 0.308496 0.200788
0.194550 0.318025 0.172057
-0.047251 0.307286 0.199989
-0.182530 0.315768 0.175151
0.181459 -0.104598 -0.209276
-0.179237 -0.103732 -0.209982
0.214935 -0.383244 -0.219756
-0.217062 -0.380035 -0.219357
0.170296 -0.109617 0.079639
0.202326 -0.385224 0.116098
-0.139195 -0.105827 0.108515
-0.192071 -0.386767 0.122827
