-0.180810 0.016416 0.113270
-0.172648 0.035508 -0.259742
-0.188307 0.003604 -0.257476
-0.199380 -0.036489 0.143572
-0.194532 0.367283 0.252704
-0.187400 0.381180 0.233528
0.184572 0.042652 -0.253418
0.181914 0.007187 0.109808
0.188591 0.372685 0.232857
0.196208 0.366328 0.256823
0.194578 -0.039906 0.143390
0.191535 0.005865 -0.258319
-0.187100 -0.375253 0.255450
-0.179198 -0.382755 -0.203662
0.175366 -0.383678 -0.193125
0.158756 -0.377777 0.258072
-0.176760 -0.154840 0.164533
0.162674 -0.158008 0.163876
