0.216409 -0.311530 -0.162697
-0.079623 -0.312015 -0.256460
-0.260159 -0.312275 -0.004672
-0.076822 -0.312162 0.245492
0.217513 -0.312004 0.149057
0.022078 -0.195375 -0.019971
-0.002519 -0.194556 -0.026320
-0.016688 -0.194180 -0.006630
-0.001786 -0.194500 0.014395
0.023072 -0.195323 0.006123
0.213328 0.004637 0.179815
-0.205290 0.005117 0.178516
0.253564 -0.016522 -0.206917
-0.235687 -0.024750 -0.205764
0.280793 0.207290 -0.158540
0.261367 0.208199 0.092234
0.165590 0.385919 0.265401
-0.158339 0.383291 0.266041
-0.252853 0.210116 0.092349
-0.273893 0.208203 -0.156445
