0.184059 0.136066 -0.178602
0.181457 0.085307 -0.200592
0.188425 0.070320 0.070928
0.164020 0.120894 0.098761
-0.173438 0.132488 -0.186685
-0.182698 0.088094 -0.197370
-0.186958 0.067277 0.075833
-0.174263 0.108530 0.093322
0.150290 0.417954 0.214247
-0.128176 0.422418 0.215117
0.091012 -0.424153 -0.231020
-0.206142 -0.418515 -0.122560
-0.091708 -0.416170 0.168709
0.201726 -0.419842 0.055541
0.161882 -0.264561 0.035666
-0.074836 -0.264347 0.129196
-0.165539 -0.259219 -0.109630
0.072931 -0.265880 -0.200913
