0.006064 -0.300856 -0.040323
-0.233055 -0.369829 0.109315
-0.207988 -0.367301 -0.192712
0.091054 -0.363002 -0.263041
0.249784 -0.364201 0.000175
0.055125 -0.369220 0.239857
0.199961 -0.075390 -0.261336
-0.175292 -0.082077 -0.295208
-0.195228 -0.058059 -0.140270
-0.218439 0.009621 -0.177640
-0.201983 0.046189 0.086772
-0.183855 0.402741 0.172333
0.134890 0.410315 0.205680
0.170831 0.063085 0.100710
0.202546 0.023417 -0.150962
0.178836 -0.046982 -0.124228
0.165726 -0.065536 0.075231
-0.194420 -0.072898 0.055931
