0.275953 -0.348370 0.020269
0.014267 -0.301733 -0.028430
0.119071 -0.340472 -0.240628
-0.172194 -0.340442 -0.182475
0.069377 -0.351075 0.270446
0.202169 0.043648 -0.199473
-0.167378 0.033032 -0.197004
-0.153855 0.076557 0.131233
0.175197 0.099566 0.119777
-0.096922 0.374103 0.239096
0.125836 0.379231 0.244222
-0.260367 0.227069 -0.094901
-0.264644 0.234143 0.107398
0.253199 0.216583 -0.110411
0.260174 0.236253 0.093677
0.231458 0.090674 -0.020904
-0.228783 0.022254 0.007461
-0.220785 -0.344236 0.134536
