-0.002595 -0.329437 -0.052685
-0.091514 -0.369052 0.184869
-0.241423 -0.381527 -0.061988
-0.045000 -0.374028 -0.262241
0.214455 -0.376978 -0.147212
0.165269 -0.370528 0.129532
0.194500 -0.112934 -0.245765
-0.186413 -0.114597 -0.255327
-0.193825 -0.040646 -0.130443
-0.192190 -0.068581 0.088514
-0.200199 0.086242 0.083603
-0.206487 0.393374 0.187436
0.177092 0.387673 0.185660
0.189112 0.076911 0.090713
0.174909 -0.074130 0.105115
0.199817 -0.045573 -0.119114
0.219581 0.098299 -0.147976
-0.215629 0.093783 -0.153765
