0.183433 -0.382956 -0.242884
0.143041 -0.035221 -0.177373
-0.149519 -0.034567 -0.167254
-0.184152 -0.380883 -0.226849
-0.159190 -0.031040 0.140191
-0.241169 -0.381273 0.201509
0.165746 -0.033868 0.135543
0.242158 -0.383623 0.192517
0.168434 0.024272 -0.178236
-0.159639 0.024714 -0.178488
0.106262 0.011101 0.145670
0.097202 0.116983 0.152649
0.204520 0.233640 0.130508
0.167452 0.381663 0.200859
-0.005510 0.382972 0.234914
-0.176544 0.374518 0.182583
-0.199930 0.232712 0.120975
-0.088762 0.105455 0.153614
-0.090913 0.011725 0.149244
-0.208105 0.031759 0.044524
0.216754 0.029482 0.034691
