0.014877 0.386062 0.212004
-0.001516 -0.092494 0.142150
0.187231 0.053860 0.075658
0.218262 0.080567 -0.168787
-0.178072 0.055105 0.080243
-0.218030 0.075897 -0.164845
0.171592 -0.069716 0.030128
-0.162233 -0.072414 0.033170
0.201900 -0.062110 -0.186109
-0.194503 -0.064485 -0.185846
0.162448 -0.095481 -0.156115
0.212875 -0.385927 -0.231670
-0.141597 -0.090698 -0.151212
-0.199513 -0.384751 -0.220720
0.149427 -0.111156 0.052845
0.215397 -0.385873 0.125385
-0.129468 -0.114601 0.058211
-0.192181 -0.386575 0.128893
