-0.218265 -0.289024 -0.331199
-0.159220 -0.325596 0.030266
-0.093596 -0.293145 0.341725
-0.183892 -0.091954 -0.223019
-0.198058 0.047193 -0.202171
0.179052 -0.092904 -0.235248
0.208632 -0.280393 -0.339166
0.186860 0.047017 -0.212727
0.166721 -0.326798 0.026538
0.118152 -0.293085 0.336047
-0.131396 -0.127694 -0.017978
-0.163218 0.064541 0.093247
0.126276 -0.125423 -0.029195
0.167070 0.073185 0.078754
0.177103 0.347746 0.166356
-0.165230 0.347283 0.169437
0.167990 -0.085658 -0.277827
-0.171677 -0.087630 -0.276178
