0.043381 -0.359481 0.170378
0.248888 -0.358200 -0.120367
-0.038924 -0.359123 -0.323504
-0.242006 -0.356766 -0.035697
0.276775 -0.129212 -0.304924
-0.271614 -0.129474 -0.311109
-0.314999 0.121352 -0.245003
0.319609 0.138485 -0.236269
0.317507 0.179039 0.093741
0.236849 0.344447 0.249989
-0.315744 0.165323 0.096591
-0.222636 0.350931 0.258586
0.189113 -0.029965 0.021714
-0.188899 -0.022071 0.016855
0.164720 -0.142992 0.166687
-0.167926 -0.149970 0.156206
0.249510 -0.033929 -0.284289
-0.240736 -0.022826 -0.272972
