0.209711 0.374339 0.238168
0.180825 0.002397 0.167663
0.159679 -0.022828 0.132910
0.203980 -0.055665 -0.220037
0.211054 -0.335680 0.190384
0.254466 -0.333646 -0.139492
-0.032148 -0.325701 -0.270080
-0.105664 -0.330582 0.251144
0.250212 0.157991 0.076897
0.251219 0.175010 -0.154441
-0.251047 0.154231 0.081527
-0.248619 0.172338 -0.155718
-0.168931 -0.025902 0.131863
-0.179810 -0.030562 -0.220174
-0.203587 0.378532 0.241495
-0.183385 0.017555 0.165552
-0.280439 -0.334729 -0.037045
0.034050 -0.245416 -0.017354
