0.226759 -0.367722 -0.244080
0.217501 0.012125 -0.026037
0.221355 -0.358983 0.226936
0.221341 0.007812 0.088738
0.219130 0.113510 0.055227
0.212680 0.335132 0.167678
-0.221796 0.330415 0.165321
-0.217771 0.202825 0.102281
0.207555 0.213502 0.102649
-0.222662 0.098444 0.057172
-0.220474 0.002415 -0.011516
-0.218376 -0.004611 0.090678
-0.212932 -0.364323 -0.245898
-0.219536 -0.369153 0.240909
-0.219093 -0.296665 0.204886
0.214897 -0.295096 0.201297
0.214063 -0.247130 -0.185775
-0.199017 -0.256423 -0.187085
0.187147 0.015723 -0.222506
-0.188711 0.013871 -0.219456
