0.147878 0.044801 0.137486
0.087584 0.358474 0.203045
-0.067555 0.362422 0.203971
-0.133450 0.047882 0.145942
-0.153198 -0.033238 0.111455
-0.193842 -0.030896 -0.209110
0.202278 -0.037260 -0.211450
0.170654 -0.033666 0.109348
0.193871 -0.096383 -0.213370
0.197801 -0.400012 -0.215849
-0.199010 -0.104387 -0.208497
-0.197038 -0.399046 -0.212976
0.180496 -0.102127 0.110190
0.179886 -0.225626 0.116152
0.179520 -0.400123 0.165333
0.202639 -0.213247 -0.183402
-0.162642 -0.112089 0.109418
-0.165270 -0.217462 0.110277
-0.165225 -0.402900 0.160160
