0.443130 -0.098021 -0.159215
0.287284 -0.098004 -0.314707
0.444450 -0.015253 -0.158723
0.287791 -0.015056 -0.315488
0.263820 -0.097347 -0.292198
0.265019 -0.039784 -0.294022
0.000726 -0.097537 -0.032264
0.000602 -0.040642 -0.032263
-0.265109 -0.097244 -0.293790
-0.265581 -0.040135 -0.294263
-0.287922 -0.015223 -0.315311
-0.287447 -0.097576 -0.315679
-0.444260 -0.014705 -0.159051
-0.444364 -0.098030 -0.158722
-0.447023 0.081105 -0.110212
0.000272 0.080906 0.336288
0.447833 0.080460 -0.111417
-0.261589 -0.000065 -0.297721
-0.000110 -0.001280 -0.036270
0.262214 -0.000098 -0.297378
