0.182712 0.460914 -0.063747
-0.182121 0.460761 -0.063785
0.182741 0.460819 0.062774
-0.182501 0.460983 0.062797
0.181902 -0.461081 -0.063150
-0.182584 -0.459772 -0.062520
-0.182556 -0.458098 0.062475
0.181743 -0.460261 0.063901
0.178230 0.308093 -0.063772
-0.178369 0.307674 -0.063772
0.178254 0.157968 -0.063772
-0.178406 0.157868 -0.063772
0.178217 0.010137 -0.063772
-0.178417 0.009543 -0.063772
0.178118 -0.135229 -0.063772
-0.180422 -0.137194 -0.063772
0.178954 -0.279928 -0.063772
-0.177333 -0.281082 -0.063772
