0.009417 -0.312664 -0.059219
-0.231921 -0.362144 0.089608
-0.181025 -0.360814 -0.214036
0.131911 -0.352686 -0.263909
0.262188 -0.356462 0.003596
0.044480 -0.361462 0.229266
0.226730 -0.113076 -0.249139
-0.195202 -0.129929 -0.273753
-0.202378 -0.113361 0.080094
-0.215585 0.354194 0.239195
0.171702 0.372336 0.245810
0.193901 -0.088431 0.073104
0.211102 0.013606 0.087994
0.236378 0.041287 -0.174636
0.212020 -0.050987 -0.133288
-0.209029 0.009091 0.076274
-0.237515 0.027517 -0.180300
-0.212087 -0.064679 -0.138720
