0.212019 -0.342577 -0.170365
-0.087283 -0.339384 -0.259093
-0.265661 -0.341313 -0.004352
-0.082161 -0.345566 0.250324
0.218900 -0.349404 0.141896
0.016849 -0.246475 -0.028975
0.191767 -0.056223 -0.192437
-0.180153 -0.045790 -0.191569
-0.164034 -0.023969 0.098960
0.185752 -0.033969 0.111617
0.184593 -0.009360 0.157194
-0.169188 -0.016557 0.164664
-0.157225 0.381308 0.224157
0.180469 0.376430 0.215908
-0.232359 0.105154 -0.139324
-0.221082 0.096014 0.044136
0.235208 0.107399 -0.142635
0.219129 0.090520 0.045844
