0.084837 -0.354333 0.252504
-0.208988 -0.355918 0.158187
-0.206930 -0.356755 -0.152448
0.091017 -0.357633 -0.242189
0.263603 -0.354687 0.005497
0.011073 -0.271846 -0.011959
0.169443 0.013824 0.064721
0.156712 -0.019765 -0.208243
-0.143775 -0.023121 -0.208365
-0.170772 0.027180 0.049634
-0.256370 0.087713 -0.113213
-0.192773 0.093975 0.093952
0.264572 0.116614 -0.127856
0.201367 0.117750 0.080750
0.202537 0.363514 0.131133
-0.183234 0.357942 0.137047
-0.142551 0.042800 0.129068
0.152452 0.069358 0.105291
