0.164656 -0.136296 0.068803
0.160877 0.312848 0.305900
-0.171541 0.309701 0.313020
-0.164967 -0.137510 0.072302
-0.181820 -0.059445 -0.236313
0.178194 -0.059130 -0.242468
0.188488 -0.315408 -0.333157
-0.193394 -0.318287 -0.331848
-0.178459 -0.292805 0.262478
-0.186816 -0.318958 -0.243516
-0.182775 -0.316742 0.171035
0.189035 -0.288336 0.256899
0.192219 -0.319560 -0.246824
0.188508 -0.318706 0.181006
0.219940 0.082363 0.207845
0.271453 0.097303 -0.264452
-0.271282 0.098217 -0.261480
-0.218768 0.084544 0.215677
0.187530 -0.179995 0.144755
-0.171943 -0.183038 0.146353
