0.215545 -0.390809 -0.081681
-0.005016 -0.384466 -0.228747
-0.229061 -0.385085 -0.058833
-0.137733 -0.385082 0.204204
0.142968 -0.396989 0.178153
0.012220 -0.302546 -0.010829
0.132117 -0.300926 -0.112487
-0.093805 -0.302400 -0.148708
-0.136449 -0.302844 0.103529
0.104075 -0.305780 0.134557
0.146704 0.081196 -0.172584
-0.161582 0.079397 -0.162612
-0.137172 0.091918 0.132133
0.122312 0.094252 0.129335
-0.158164 0.416428 0.205875
0.150755 0.424573 0.198852
-0.202896 0.251612 -0.108926
-0.202487 0.253453 0.053037
0.194818 0.255171 -0.117408
0.203796 0.253828 0.043309
